# 1-D oscillator chain:  omega_k = sqrt(1 + 4 sin^2(pi k / L))
# L = 2 ell + 1  (odd),  periodic boundary
#
# Resonance conditions  (zeta = (k, sigma),  sigma = +/-1):
#   k + k1 + k2 + k3  = 0   (mod L)       [momentum]
#   sigma*w_k + s1*w_{k1} + s2*w_{k2} + s3*w_{k3} = 0  [frequency]
#
# Only 2-positive / 2-negative sign configs can satisfy the
# frequency condition (since w_k >= 1).
#
# Total   = sum_zeta |R_zeta|
# Trivial = subset where {w_pos} = {w_neg} as multisets
#           (no net energy transfer in the kinetic equation)
#
     L          Total        Trivial    Non-trivial
------------------------------------------------------
     3             30             30              0
     5             54             54              0
     7             78             78              0
     9            102            102              0
    11            126            126              0
    13            150            150              0
    15            174            174              0
    17            198            198              0
    19            222            222              0
    21            294            246             48
    23            270            270              0
    25            294            294              0
    27            318            318              0
    29            342            342              0
    31            366            366              0
    33            390            390              0
    35            414            414              0
    37            438            438              0
    39            462            462              0
    41            486            486              0
    43            510            510              0
    45            534            534              0
    47            558            558              0
    49            582            582              0
    51            606            606              0
    53            630            630              0
    55            654            654              0
    57            678            678              0
    59            750            702             48
    61            774            726             48
    63            798            750             48
    65            774            774              0
    67            798            798              0
    69            918            822             96
    71            846            846              0
    73            870            870              0
    75            894            894              0
    77            966            918             48
    79            942            942              0
    81            966            966              0
    83            990            990              0
    85           1062           1014             48
    87           1134           1038             96
    89           1062           1062              0
    91           1134           1086             48
    93           1206           1110             96
    95           1134           1134              0
    97           1158           1158              0
    99           1182           1182              0
   101           1302           1206             96
   103           1230           1230              0
   105           1302           1254             48
   107           1278           1278              0
   109           1398           1302             96
   111           1326           1326              0
   113           1350           1350              0
   115           1422           1374             48
   117           1494           1398             96
   119           1422           1422              0
   121           1446           1446              0
   123           1470           1470              0
   125           1686           1494            192
   127           1566           1518             48
   129           1638           1542             96
   131           1614           1566             48
   133           1734           1590            144
   135           1662           1614             48
   137           1638           1638              0
   139           1662           1662              0
   141           1830           1686            144
   143           1710           1710              0
   145           1782           1734             48
   147           1854           1758             96
   149           1878           1782             96
   151           1902           1806             96
   153           1878           1830             48
   155           1950           1854             96
   157           2022           1878            144
   159           1902           1902              0
   161           1974           1926             48
   163           1998           1950             48
   165           2166           1974            192
   167           2094           1998             96
   169           2118           2022             96
   171           2142           2046             96
   173           2214           2070            144
   175           2190           2094             96
   177           2262           2118            144
   179           2286           2142            144
   181           2406           2166            240
   183           2286           2190             96
   185           2310           2214             96
   187           2334           2238             96
   189           2454           2262            192
   191           2382           2286             96
   193           2550           2310            240
   195           2478           2334            144
   197           2550           2358            192
   199           2574           2382            192
   201           2454           2406             48
   203           2526           2430             96
   205           2646           2454            192
   207           2670           2478            192
   209           2646           2502            144
   211           2670           2526            144
   213           2742           2550            192
   215           2766           2574            192
   217           2790           2598            192
   219           2718           2622             96
   221           2838           2646            192
   223           2814           2670            144
   225           2790           2694             96
   227           2814           2718             96
   229           2886           2742            144
   231           3006           2766            240
   233           2934           2790            144
   235           3006           2814            192
   237           3126           2838            288
   239           3006           2862            144
   241           3126           2886            240
   243           3150           2910            240
   245           3222           2934            288
   247           3294           2958            336
   249           3126           2982            144
   251           3246           3006            240
   253           3318           3030            288
   255           3342           3054            288
   257           3366           3078            288
   259           3390           3102            288
   261           3558           3126            432
   263           3438           3150            288
   265           3318           3174            144
   267           3486           3198            288
   269           3558           3222            336
   271           3534           3246            288
   273           3510           3270            240
   275           3486           3294            192
   277           3750           3318            432
   279           3726           3342            384
   281           3510           3366            144
   283           3678           3390            288
   285           3750           3414            336
   287           3774           3438            336
   289           3654           3462            192
   291           3678           3486            192
   293           3846           3510            336
   295           4062           3534            528
   297           3942           3558            384
   299           4062           3582            480
   301           4086           3606            480
   303           4158           3630            528
   305           4086           3654            432
   307           4110           3678            432
   309           4134           3702            432
   311           4254           3726            528
   313           4086           3750            336
   315           4254           3774            480
   317           4278           3798            480
   319           4350           3822            528
   321           4230           3846            384
   323           4206           3870            336
   325           4470           3894            576
   327           4542           3918            624
   329           4374           3942            432
   331           4446           3966            480
   333           4374           3990            384
   335           4590           4014            576
   337           4614           4038            576
   339           4494           4062            432
   341           4470           4086            384
   343           4734           4110            624
   345           4614           4134            480
   347           4638           4158            480
   349           4566           4182            384
   351           4734           4206            528
   353           4614           4230            384
   355           4830           4254            576
   357           4854           4278            576
   359           4830           4302            528
   361           4806           4326            480
   363           4782           4350            432
   365           5046           4374            672
   367           5070           4398            672
   369           4854           4422            432
   371           4974           4446            528
   373           4998           4470            528
   375           5262           4494            768
   377           4998           4518            480
   379           4974           4542            432
   381           5286           4566            720
   383           5262           4590            672
   385           5334           4614            720
   387           5310           4638            672
   389           5190           4662            528
   391           5358           4686            672
   393           5238           4710            528
   395           5358           4734            624
   397           5574           4758            816
   399           5550           4782            768
   401           5334           4806            528
   403           5550           4830            720
   405           5526           4854            672
   407           5694           4878            816
   409           5478           4902            576
   411           5358           4926            432
   413           5862           4950            912
   415           5982           4974           1008
   417           5958           4998            960
   419           5694           5022            672
   421           5766           5046            720
   423           6078           5070           1008
   425           5958           5094            864
   427           5886           5118            768
   429           5910           5142            768
   431           6030           5166            864
   433           6102           5190            912
   435           6078           5214            864
   437           5958           5238            720
   439           6126           5262            864
   441           6198           5286            912
   443           6222           5310            912
   445           6342           5334           1008
   447           6270           5358            912
   449           6198           5382            816
   451           6222           5406            816
   453           6534           5430           1104
   455           6510           5454           1056
   457           6294           5478            816
   459           6270           5502            768
   461           6438           5526            912
   463           6798           5550           1248
   465           6678           5574           1104
   467           6462           5598            864
   469           6582           5622            960
   471           6558           5646            912
   473           6966           5670           1296
   475           6606           5694            912
   477           6678           5718            960
   479           6750           5742           1008
   481           6774           5766           1008
   483           6942           5790           1152
   485           6774           5814            960
   487           6846           5838           1008
   489           6870           5862           1008
   491           6846           5886            960
   493           7062           5910           1152
   495           6942           5934           1008
   497           7062           5958           1104
   499           6990           5982           1008
   501           7158           6006           1152
   503           7230           6030           1200
   505           7302           6054           1248
   507           7278           6078           1200
   509           7062           6102            960
   511           7470           6126           1344
   513           7494           6150           1344
   515           7182           6174           1008
   517           7350           6198           1152
   519           7374           6222           1152
   521           7542           6246           1296
   523           7518           6270           1248
   525           7590           6294           1296
   527           7566           6318           1248
   529           7686           6342           1344
   531           7710           6366           1344
   533           7926           6390           1536
   535           7902           6414           1488
   537           8070           6438           1632
   539           7902           6462           1440
   541           7926           6486           1440
   543           8238           6510           1728
   545           8118           6534           1584
   547           7950           6558           1392
   549           7974           6582           1392
   551           8046           6606           1440
   553           8454           6630           1824
   555           8046           6654           1392
   557           7974           6678           1296
   559           8142           6702           1440
   561           8310           6726           1584
   563           8190           6750           1440
   565           8118           6774           1344
   567           8286           6798           1488
   569           8454           6822           1632
   571           8478           6846           1632
   573           8358           6870           1488
   575           8478           6894           1584
   577           8646           6918           1728
   579           8382           6942           1440
   581           8598           6966           1632
   583           8478           6990           1488
   585           8742           7014           1728
   587           8574           7038           1536
   589           8406           7062           1344
   591           8814           7086           1728
   593           8886           7110           1776
   595           8718           7134           1584
   597           8790           7158           1632
   599           8862           7182           1680
   601           9078           7206           1872
   603           8910           7230           1680
   605           8742           7254           1488
   607           8910           7278           1632
   609           9222           7302           1920
   611           9126           7326           1800
   613           9222           7350           1872
   615           9198           7374           1824
   617           9318           7398           1920
   619           9246           7422           1824
   621           9270           7446           1824
   623           9342           7470           1872
   625           9366           7494           1872
   627           9342           7518           1824
   629           9174           7542           1632
   631           9486           7566           1920
   633           9558           7590           1968
   635           9342           7614           1728
   637           9606           7638           1968
   639           9438           7662           1776
   641           9798           7686           2112
   643           9678           7710           1968
   645           9558           7734           1824
   647           9822           7758           2064
   649           9942           7782           2160
   651          10062           7806           2256
   653          10230           7830           2400
   655          10206           7854           2352
   657          10326           7878           2448
   659          10254           7902           2352
   661          10134           7926           2208
   663          10302           7950           2352
   665          10278           7974           2304
   667          10158           7998           2160
   669          10278           8022           2256
   671          10206           8046           2160
   673          10614           8070           2544
   675          10446           8094           2352
   677          10134           8118           2016
   679          10590           8142           2448
   681          10518           8166           2352
   683          10782           8190           2592
   685          10470           8214           2256
   687          10302           8238           2064
   689          10662           8262           2400
   691          10734           8286           2448
   693          10614           8310           2304
   695          10446           8334           2112
   697          10758           8358           2400
   699          10926           8382           2544
   701          10710           8406           2304
   703          10734           8430           2304
   705          10710           8454           2256
   707          11070           8478           2592
   709          10854           8502           2352
   711          10926           8526           2400
   713          11046           8550           2496
   715          11118           8574           2544
   717          10950           8598           2352
   719          11262           8622           2640
   721          11286           8646           2640
   723          11406           8670           2736
   725          11046           8694           2352
   727          11118           8718           2400
   729          11430           8742           2688
   731          11406           8766           2640
   733          11334           8790           2544
   735          11310           8814           2496
   737          11334           8838           2496
   739          11742           8862           2880
   741          11478           8886           2592
   743          11454           8910           2544
   745          11478           8934           2544
   747          11886           8958           2928
   749          11622           8982           2640
   751          11598           9006           2592
   753          11814           9030           2784
   755          11742           9054           2688
   757          11814           9078           2736
   759          11934           9102           2832
   761          11958           9126           2832
   763          12126           9150           2976
   765          11766           9174           2592
   767          12270           9198           3072
   769          12438           9222           3216
   771          12510           9246           3264
   773          12486           9270           3216
   775          12366           9294           3072
   777          12774           9318           3456
   779          12750           9342           3408
   781          12486           9366           3120
   783          12462           9390           3072
   785          12486           9414           3072
   787          12846           9438           3408
   789          12822           9462           3360
   791          12558           9486           3072
   793          12726           9510           3216
   795          12750           9534           3216
   797          12774           9558           3216
   799          12894           9582           3312
   801          12918           9606           3312
   803          12942           9630           3312
   805          12678           9654           3024
   807          12750           9678           3072
   809          13110           9702           3408
   811          12990           9726           3264
   813          13014           9750           3264
   815          13086           9774           3312
   817          12966           9798           3168
   819          13182           9822           3360
   821          13110           9846           3264
   823          12894           9870           3024
   825          13206           9894           3312
   827          13566           9918           3648
   829          13350           9942           3408
   831          13134           9966           3168
   833          13206           9990           3216
   835          13374          10014           3360
   837          13590          10038           3552
   839          13278          10062           3216
   841          13398          10086           3312
   843          13518          10110           3408
   845          13638          10134           3504
   847          13566          10158           3408
   849          13686          10182           3504
   851          13758          10206           3552
   853          13590          10230           3360
   855          13806          10254           3552
   857          13830          10278           3552
   859          13902          10302           3600
   861          13878          10326           3552
   863          13854          10350           3504
   865          14118          10374           3744
   867          14190          10398           3792
   869          14166          10422           3744
   871          14094          10446           3648
   873          14166          10470           3696
   875          14238          10494           3744
   877          14358          10518           3840
   879          14430          10542           3888
   881          14118          10566           3552
   883          14574          10590           3984
   885          15030          10614           4416
   887          14862          10638           4224
   889          14694          10662           4032
   891          14862          10686           4176
   893          15222          10710           4512
   895          15006          10734           4272
   897          15270          10758           4512
   899          15054          10782           4272
   901          15222          10806           4416
   903          15102          10830           4272
   905          15054          10854           4200
   907          15294          10878           4416
   909          15318          10902           4416
   911          15198          10926           4272
   913          15126          10950           4176
   915          15390          10974           4416
   917          15558          10998           4560
   919          15150          11022           4128
   921          15366          11046           4320
   923          15486          11070           4416
   925          15654          11094           4560
   927          15486          11118           4368
   929          15366          11142           4224
   931          15534          11166           4368
   933          15798          11190           4608
   935          15534          11214           4320
   937          15606          11238           4368
   939          15726          11262           4464
   941          15894          11286           4608
   943          15726          11310           4416
   945          15846          11334           4512
   947          15774          11358           4416
   949          15942          11382           4560
   951          15822          11406           4416
   953          15990          11430           4560
   955          16062          11454           4608
   957          16230          11478           4752
