     L  Total_Resonances      None_Trivial           Trivial     Density
     3                90                30                60  0.55555556
     5               270                54               216  0.36000000
     7               546                78               468  0.26530612
     9               918               102               816  0.20987654
    11              1386               126              1260  0.17355372
    13              1950               150              1800  0.14792899
    15              2610               174              2436  0.12888889
    17              3366               198              3168  0.11418685
    19              4218               222              3996  0.10249307
    21              5166               246              4920  0.09297052
    23              6210               270              5940  0.08506616
    25              7350               294              7056  0.07840000
    27              8586               318              8268  0.07270233
    29              9918               342              9576  0.06777646
    31             11346               366             10980  0.06347555
    33             12870               390             12480  0.05968779
    35             14490               414             14076  0.05632653
    37             16206               438             15768  0.05332359
    39             18018               462             17556  0.05062459
    41             19926               486             19440  0.04818560
    43             21930               510             21420  0.04597080
    45             24030               534             23496  0.04395062
    47             26226               558             25668  0.04210050
    49             28518               582             27936  0.04039983
    51             30906               606             30300  0.03883122
    53             33390               630             32760  0.03737985
    55             35970               654             35316  0.03603306
    57             38646               678             37968  0.03477993
    59             41418               702             40716  0.03361103
    61             44286               726             43560  0.03251814
    63             47250               750             46500  0.03149408
    65             50310               774             49536  0.03053254
    67             53466               798             52668  0.02962798
    69             56718               822             55896  0.02877547
    71             60066               846             59220  0.02797064
    73             63510               870             62640  0.02720961
    75             67050               894             66156  0.02648889
    77             70686               918             69768  0.02580536
    79             74418               942             73476  0.02515622
    81             78246               966             77280  0.02453894
    83             82170               990             81180  0.02395123
    85             86190              1014             85176  0.02339100
    87             90306              1038             89268  0.02285639
    89             94518              1062             93456  0.02234566
    91             98826              1086             97740  0.02185726
    93            103230              1110            102120  0.02138976
    95            107730              1134            106596  0.02094183
    97            112326              1158            111168  0.02051228
    99            117018              1182            115836  0.02009999
   101            121806              1206            120600  0.01970395
   103            126690              1230            125460  0.01932322
   105            131670              1254            130416  0.01895692
   107            136746              1278            135468  0.01860424
   109            141918              1302            140616  0.01826446
   111            147186              1326            145860  0.01793686
   113            152550              1350            151200  0.01762080
   115            158010              1374            156636  0.01731569
   117            163566              1398            162168  0.01702097
   119            169218              1422            167796  0.01673611
   121            174966              1446            173520  0.01646062
   123            180810              1470            179340  0.01619406
   125            186750              1494            185256  0.01593600
   127            192786              1518            191268  0.01568603
   129            198918              1542            197376  0.01544378
   131            205146              1566            203580  0.01520890
   133            211470              1590            209880  0.01498106
   135            217890              1614            216276  0.01475995
   137            224406              1638            222768  0.01454526
   139            231018              1662            229356  0.01433673
   141            237726              1686            236040  0.01413410
   143            244530              1710            242820  0.01393711
   145            251430              1734            249696  0.01374554
   147            258426              1758            256668  0.01355917
   149            265518              1782            263736  0.01337778
   151            272706              1806            270900  0.01320118
   153            279990              1830            278160  0.01302918
   155            287370              1854            285516  0.01286160
   157            294846              1878            292968  0.01269828
   159            302418              1902            300516  0.01253906
   161            310086              1926            308160  0.01238378
   163            317850              1950            315900  0.01223230
   165            325710              1974            323736  0.01208448
   167            333666              1998            331668  0.01194019
   169            341718              2022            339696  0.01179931
   171            349866              2046            347820  0.01166171
   173            358110              2070            356040  0.01152728
   175            366450              2094            364356  0.01139592
   177            374886              2118            372768  0.01126752
   179            383418              2142            381276  0.01114197
   181            392046              2166            389880  0.01101920
   183            400770              2190            398580  0.01089910
   185            409590              2214            407376  0.01078159
   187            418506              2238            416268  0.01066659
   189            427518              2262            425256  0.01055402
   191            436626              2286            434340  0.01044379
   193            445830              2310            443520  0.01033585
   195            455130              2334            452796  0.01023011
   197            464526              2358            462168  0.01012652
   199            474018              2382            471636  0.01002500
   201            483606              2406            481200  0.00992550
   203            493290              2430            490860  0.00982795
   205            503070              2454            500616  0.00973230
   207            512946              2478            510468  0.00963850
   209            522918              2502            520416  0.00954648
   211            532986              2526            530460  0.00945621
   213            543150              2550            540600  0.00936763
   215            553410              2574            550836  0.00928069
   217            563766              2598            561168  0.00919535
   219            574218              2622            571596  0.00911157
   221            584766              2646            582120  0.00902930
   223            595410              2670            592740  0.00894850
   225            606150              2694            603456  0.00886914
   227            616986              2718            614268  0.00879117
   229            627918              2742            625176  0.00871456
   231            638946              2766            636180  0.00863927
   233            650070              2790            647280  0.00856527
   235            661290              2814            658476  0.00849253
   237            672606              2838            669768  0.00842102
   239            684018              2862            681156  0.00835069
   241            695526              2886            692640  0.00828154
   243            707130              2910            704220  0.00821352
   245            718830              2934            715896  0.00814661
   247            730626              2958            727668  0.00808077
   249            742518              2982            739536  0.00801600
   251            754506              3006            751500  0.00795225
   253            766590              3030            763560  0.00788952
   255            778770              3054            775716  0.00782776
   257            791046              3078            787968  0.00776696
   259            803418              3102            800316  0.00770710
   261            815886              3126            812760  0.00764816
   263            828450              3150            825300  0.00759011
   265            841110              3174            837936  0.00753293
   267            853866              3198            850668  0.00747661
   269            866718              3222            863496  0.00742112
   271            879666              3246            876420  0.00736646
   273            892710              3270            889440  0.00731259
   275            905850              3294            902556  0.00725950
   277            919086              3318            915768  0.00720718
   279            932418              3342            929076  0.00715561
   281            945846              3366            942480  0.00710477
   283            959370              3390            955980  0.00705465
   285            972990              3414            969576  0.00700523
   287            986706              3438            983268  0.00695650
   289           1000518              3462            997056  0.00690844
   291           1014426              3486           1010940  0.00686104
   293           1028430              3510           1024920  0.00681429
   295           1042530              3534           1038996  0.00676817
   297           1056726              3558           1053168  0.00672267
   299           1071018              3582           1067436  0.00667778
   301           1085406              3606           1081800  0.00663348
   303           1099890              3630           1096260  0.00658977
   305           1114470              3654           1110816  0.00654663
   307           1129146              3678           1125468  0.00650405
   309           1143918              3702           1140216  0.00646202
   311           1158786              3726           1155060  0.00642053
   313           1173750              3750           1170000  0.00637957
   315           1188810              3774           1185036  0.00633913
   317           1203966              3798           1200168  0.00629920
   319           1219218              3822           1215396  0.00625977
   321           1234566              3846           1230720  0.00622082
   323           1250010              3870           1246140  0.00618237
   325           1265550              3894           1261656  0.00614438
   327           1281186              3918           1277268  0.00610686
   329           1296918              3942           1292976  0.00606979
   331           1312746              3966           1308780  0.00603317
   333           1328766              3990           1324776  0.00599742
   335           1344690              4014           1340676  0.00596124
   337           1360806              4038           1356768  0.00592591
   339           1377018              4062           1372956  0.00589100
   341           1393326              4086           1389240  0.00585650
   343           1409730              4110           1405620  0.00582240
   345           1426230              4134           1422096  0.00578870
   347           1442826              4158           1438668  0.00575538
   349           1459518              4182           1455336  0.00572245
   351           1476306              4206           1472100  0.00568989
   353           1493190              4230           1488960  0.00565770
   355           1510170              4254           1505916  0.00562587
   357           1527246              4278           1522968  0.00559439
   359           1544418              4302           1540116  0.00556327
   361           1561686              4326           1557360  0.00553249
   363           1579050              4350           1574700  0.00550205
   365           1596510              4374           1592136  0.00547195
   367           1614066              4398           1609668  0.00544217
   369           1631718              4422           1627296  0.00541271
   371           1649466              4446           1645020  0.00538357
   373           1667310              4470           1662840  0.00535474
   375           1685250              4494           1680756  0.00532622
   377           1703286              4518           1698768  0.00529800
   379           1721418              4542           1716876  0.00527008
   381           1739646              4566           1735080  0.00524245
   383           1757970              4590           1753380  0.00521511
   385           1776390              4614           1771776  0.00518806
   387           1794906              4638           1790268  0.00516128
   389           1813518              4662           1808856  0.00513478
   391           1832226              4686           1827540  0.00510855
   393           1851030              4710           1846320  0.00508258
   395           1869930              4734           1865196  0.00505688
   397           1888926              4758           1884168  0.00503144
   399           1908114              4782           1903332  0.00500650
   401           1927206              4806           1922400  0.00498131
   403           1946490              4830           1941660  0.00495662
   405           1965870              4854           1961016  0.00493217
   407           1985346              4878           1980468  0.00490797
   409           2004918              4902           2000016  0.00488400
   411           2024586              4926           2019660  0.00486026
   413           2044350              4950           2039400  0.00483675
   415           2064210              4974           2059236  0.00481347
   417           2084166              4998           2079168  0.00479041
   419           2104218              5022           2099196  0.00476757
   421           2124366              5046           2119320  0.00474495
   423           2144610              5070           2139540  0.00472254
   425           2164950              5094           2159856  0.00470035
   427           2185386              5118           2180268  0.00467836
   429           2205918              5142           2200776  0.00465657
   431           2226642              5166           2221476  0.00463519
   433           2247270              5190           2242080  0.00461360
   435           2268090              5214           2262876  0.00459242
   437           2289006              5238           2283768  0.00457142
   439           2310018              5262           2304756  0.00455062
   441           2331126              5286           2325840  0.00453001
   443           2352330              5310           2347020  0.00450958
   445           2373630              5334           2368296  0.00448933
   447           2395026              5358           2389668  0.00446927
   449           2416518              5382           2411136  0.00444938
   451           2438106              5406           2432700  0.00442967
   453           2459790              5430           2454360  0.00441014
   455           2481570              5454           2476116  0.00439077
   457           2503446              5478           2497968  0.00437158
   459           2525418              5502           2519916  0.00435255
   461           2547486              5526           2541960  0.00433369
   463           2569650              5550           2564100  0.00431499
   465           2591910              5574           2586336  0.00429645
   467           2614266              5598           2608668  0.00427807
   469           2636718              5622           2631096  0.00425985
   471           2659266              5646           2653620  0.00424178
   473           2681910              5670           2676240  0.00422386
   475           2704746              5694           2699052  0.00420624
   477           2727582              5718           2721864  0.00418862
   479           2750418              5742           2744676  0.00417101
   481           2773446              5766           2767680  0.00415368
   483           2796570              5790           2790780  0.00413650
   485           2819790              5814           2813976  0.00411946
   487           2843106              5838           2837268  0.00410256
   489           2866518              5862           2860656  0.00408580
   491           2890026              5886           2884140  0.00406917
   493           2913630              5910           2907720  0.00405268
   495           2937330              5934           2931396  0.00403632
   497           2961126              5958           2955168  0.00402010
   499           2985018              5982           2979036  0.00400400
   501           3009054              6006           3003048  0.00398810
   503           3033090              6030           3027060  0.00397219
   505           3057270              6054           3051216  0.00395647
   507           3081546              6078           3075468  0.00394088
   509           3105918              6102           3099816  0.00392541
   511           3130386              6126           3124260  0.00391006
   513           3154950              6150           3148800  0.00389484
   515           3179610              6174           3173436  0.00387972
   517           3204366              6198           3198168  0.00386473
   519           3229218              6222           3222996  0.00384985
   521           3254166              6246           3247920  0.00383509
   523           3279210              6270           3272940  0.00382044
   525           3304350              6294           3298056  0.00380590
   527           3329586              6318           3323268  0.00379147
   529           3354918              6342           3348576  0.00377714
   531           3380346              6366           3373980  0.00376293
   533           3405870              6390           3399480  0.00374883
   535           3431490              6414           3425076  0.00373482
   537           3457206              6438           3450768  0.00372093
   539           3483018              6462           3476556  0.00370713
   541           3508926              6486           3502440  0.00369344
   543           3534930              6510           3528420  0.00367985
   545           3561030              6534           3554496  0.00366636
   547           3587226              6558           3580668  0.00365296
   549           3613518              6582           3606936  0.00363967
   551           3639906              6606           3633300  0.00362647
   553           3666486              6630           3659856  0.00361346
   555           3692970              6654           3686316  0.00360036
   557           3719646              6678           3712968  0.00358744
   559           3746514              6702           3739812  0.00357471
   561           3773286              6726           3766560  0.00356188
   563           3800250              6750           3793500  0.00354924
   565           3827310              6774           3820536  0.00353669
   567           3854466              6798           3847668  0.00352423
   569           3881718              6822           3874896  0.00351185
   571           3909066              6846           3902220  0.00349956
   573           3936510              6870           3929640  0.00348736
   575           3964050              6894           3957156  0.00347524
   577           3991686              6918           3984768  0.00346320
   579           4019418              6942           4012476  0.00345125
   581           4047246              6966           4040280  0.00343938
   583           4075170              6990           4068180  0.00342759
   585           4103190              7014           4096176  0.00341588
   587           4131306              7038           4124268  0.00340425
   589           4159518              7062           4152456  0.00339270
   591           4187826              7086           4180740  0.00338123
   593           4216230              7110           4209120  0.00336984
   595           4244730              7134           4237596  0.00335852
   597           4273422              7158           4266264  0.00334735
   599           4302018              7182           4294836  0.00333611
   601           4330806              7206           4323600  0.00332502
   603           4359690              7230           4352460  0.00331400
   605           4388670              7254           4381416  0.00330305
   607           4417746              7278           4410468  0.00329218
   609           4446918              7302           4439616  0.00328138
   611           4476186              7326           4468860  0.00327064
   613           4505550              7350           4498200  0.00325998
   615           4535010              7374           4527636  0.00324939
   617           4564566              7398           4557168  0.00323886
   619           4594218              7422           4586796  0.00322841
   621           4623966              7446           4616520  0.00321802
   623           4653810              7470           4646340  0.00320770
   625           4683750              7494           4676256  0.00319744
   627           4713786              7518           4706268  0.00318725
   629           4743918              7542           4736376  0.00317712
   631           4774146              7566           4766580  0.00316706
   633           4804470              7590           4796880  0.00315706
   635           4834890              7614           4827276  0.00314713
   637           4865406              7638           4857768  0.00313725
   639           4896018              7662           4888356  0.00312744
   641           4926726              7686           4919040  0.00311769
   643           4957530              7710           4949820  0.00310800
   645           4988430              7734           4980696  0.00309837
   647           5019426              7758           5011668  0.00308880
   649           5050518              7782           5042736  0.00307929
   651           5081706              7806           5073900  0.00306984
   653           5112990              7830           5105160  0.00306044
   655           5144370              7854           5136516  0.00305110
   657           5175846              7878           5167968  0.00304182
   659           5207418              7902           5199516  0.00303260
   661           5239086              7926           5231160  0.00302343
   663           5270850              7950           5262900  0.00301432
   665           5302710              7974           5294736  0.00300526
   667           5334666              7998           5326668  0.00299625
   669           5366718              8022           5358696  0.00298730
   671           5398866              8046           5390820  0.00297840
   673           5431110              8070           5423040  0.00296956
   675           5463450              8094           5455356  0.00296077
   677           5495886              8118           5487768  0.00295203
   679           5528514              8142           5520372  0.00294339
   681           5561046              8166           5552880  0.00293470
   683           5593770              8190           5585580  0.00292611
   685           5626590              8214           5618376  0.00291758
   687           5659506              8238           5651268  0.00290909
   689           5692518              8262           5684256  0.00290065
   691           5725626              8286           5717340  0.00289226
   693           5758830              8310           5750520  0.00288392
   695           5792130              8334           5783796  0.00287563
   697           5825526              8358           5817168  0.00286738
   699           5859018              8382           5850636  0.00285918
   701           5892606              8406           5884200  0.00285103
   703           5926290              8430           5917860  0.00284293
   705           5960166              8454           5951712  0.00283491
   707           5993946              8478           5985468  0.00282685
   709           6028014              8502           6019512  0.00281893
   711           6061986              8526           6053460  0.00281096
   713           6096150              8550           6087600  0.00280308
   715           6130410              8574           6121836  0.00279525
   717           6164766              8598           6156168  0.00278746
   719           6199314              8622           6190692  0.00277975
   721           6233766              8646           6225120  0.00277200
   723           6268410              8670           6259740  0.00276434
   725           6303150              8694           6294456  0.00275672
   727           6337986              8718           6329268  0.00274914
   729           6372918              8742           6364176  0.00274160
   731           6407946              8766           6399180  0.00273411
   733           6443166              8790           6434376  0.00272669
   735           6478290              8814           6469476  0.00271924
   737           6513606              8838           6504768  0.00271186
   739           6549018              8862           6540156  0.00270453
   741           6584526              8886           6575640  0.00269723
   743           6620226              8910           6611316  0.00269002
   745           6655830              8934           6646896  0.00268276
   747           6691626              8958           6682668  0.00267558
   749           6727518              8982           6718536  0.00266844
   751           6763506              9006           6754500  0.00266134
   753           6799590              9030           6790560  0.00265428
   755           6835770              9054           6826716  0.00264725
   757           6872046              9078           6862968  0.00264026
   759           6908418              9102           6899316  0.00263331
   761           6944886              9126           6935760  0.00262639
   763           6981450              9150           6972300  0.00261951
   765           7018110              9174           7008936  0.00261267
   767           7054866              9198           7045668  0.00260586
   769           7091718              9222           7082496  0.00259909
   771           7128666              9246           7119420  0.00259235
   773           7165710              9270           7156440  0.00258565
   775           7202850              9294           7193556  0.00257898
   777           7240086              9318           7230768  0.00257235
   779           7277418              9342           7268076  0.00256575
   781           7314846              9366           7305480  0.00255918
   783           7352370              9390           7342980  0.00255265
   785           7389990              9414           7380576  0.00254615
